42
11
5
14
30
131
31
0
2
49
2
85
64
30
0
34
28
54
15
83
27
1
112
12
23
9
69
6
31
3
15
33
7
57
26
67
1
82
98
3
95
5
80
6
15
10
1
61
75
33
4
10
19
16
6
4
46
8
69
25
17
11
9
50
17
89
9
45
26
15
8
33
0
55
45
26
1
85
2
2
5
31
49
85
10
74
27
65
5
43
21
78
24
64
44
33
30
29
27
27
11
14
22
24
41
19
36
45
6
52
107
2
21
1
57
18
94
34
4
5
21
35
21
35
48
172
83
118
97
58
32
6
1
1
9
41
46
17
3
15
16
40
28
15
17
6
1
125
40
88
56
1
28
7
35
28
2
1
24
13
83
62
5
7
13
4
11
22
14
4
11
53
17
2
135
3
1
9
3
16
105
5
31
72
28
53
44
12
155
10
4
17
73
62
70
40
37
8
147
19
36
13
24
66
212
79
17
51
15
40
22
2
24
2
4
7
59
53
90
46
6
8
67
19
52
90
18
31
13
17
94
45
2
26
75
4
1
33
27
13
82
26
43
2
11
29
13
18
14
26
22
13
18
10
2
49
16
7
46
110
3
61
74
109
36
61
67
14
35
6
43
49
103
125
32
54
83
24
23
26
58
5
61
70
17
1
247
33
33
87
62
37
54
31
25
49
27
8
23
32
75
21
47
2
2
2
6
11
7
3
11
1
11
14
12
41
5
110
29
55
20
190
3
3
17
10
5
24
9
117
38
20
23
6
44
61
23
52
7
63
61
88
19
49
2
32
23
8
9
7
172
38
33
23
45
78
14
20
13
69
85
16
34
48
68
44
47
3
22
8
7
143
49
10
71
22
10
0
49
51
36
2
56
0
78
65
7
11
69
16
38
30
101
2
20
121
44
42
63
1
77
82
46
46
10
48
26
13
21
34
26
0
98
7
25
38
47
11
1
4
27
12
15
5
53
60
18
73
33
1
48
56
43
126
1
12
24
97
100
35
76
15
16
81
22
47
101
2
3
27
43
1
24
39
24
12
40
7
0
54
11
33
8
13
46
2
8
49
82
5
55
103
31
3
150
2
69
42
53
48
13
8
7
65
142
4
1
3
0
68
8
14
11
18
27
32
25
18
71
64
18
4
102
3
0
50
73
16
10
15
22
16
10
18
94
44
18
31
90
48
10
3
19
3
31
13
24
43
40
40
8
47
98
19
11
11
26
47
2
11
53
39
21
21
71
17
23
21
102
2
8
15
6
0
22
3
187
4
22
14
55
25
39
7
82
82
45
11
76
27
48
34
16
113
22
15
33
75
69
91
39
3
8
169
19
3
41
39
18
9
8
47
81
15
71
24
45
30
21
2
21
108
80
41
18
155
26
19
23
24
3
48
42
11
33
18
156
134
93
84
5
23
15
42
8
7
35
2
19
3
8
58
7
30
31
34
62
127
44
13
14
7
11
35
31
56
32
7
8
54
44
12
2
21
21
75
0
48
45
9
127
19
12
38
144
113
26
22
4
50
121
46
41
8
26
4
14
124
32
42
61
10
37
11
27
1
28
24
37
41
29
38
65
11
36
11
16
8
41
22
13
19
39
2
4
29
34
17
10
5
44
7
10
3
68
46
96
8
1
39
33
3
19
81
16
2
48
30
3
7
9
42
84
15
4
6
5
57
42
25
7
21
15
11
90
127
1
71
176
15
17
4
37
8
6
47
19
90
16
29
11
38
24
5
46
21
89
9
29
29
20
14
28
10
15
62
7
83
29
23
17
35
31
12
8
5
8
60
10
4
72
59
9
29
32
15
86
44
11
13
46
1
46
68
16
13
27
6
60
47
31
68
26
119
26
24
3
6
8
14
45
23
12
10
80
28
107
52
10
48
27
71
105
31
98
21
0
21
42
136
15
3
63
144
10
8
6
23
10
0
100
74
35
73
84
7
38
5
24
20
76
21
157
21
8
64
44
47
35
15
14
37
40
37
2
40
46
49
67
70
18
45
62
0
21
1
40
8
65
103
55
250
5
13
129
109
114
5
59
78
