1766538257
1766538365
1766538567
1766538569
1766538579
1766538649
1766538654
1766538668
1766538759
1766538842
1766538866
1766538867
1766538870
1766538904
1766538911
1766538955
1766538992
1766539004
1766539055
1766539132
1766539191
1766539257
1766539337
1766539366
1766539379
1766539433
1766539480
1766539537
1766539559
1766539575
1766539643
1766539700
1766539749
1766539786
1766539788
1766539831
1766539847
1766539889
1766539952
1766539985
1766539987
1766540040
1766540061
1766540101
1766540136
1766540230
1766540265
1766540303
1766540308
1766540473
1766540496
1766540604
1766540649
1766540687
1766540690
1766540784
1766540787
1766540787
1766540893
1766540964
1766540982
1766540994
1766541044
1766541154
1766541244
1766541246
1766541256
1766541324
1766541330
1766541357
1766541398
1766541478
1766541518
1766541555
1766541575
1766541613
1766541731
1766541824
1766541909
1766541930
1766541956
1766541958
1766541982
1766542106
1766542168
1766542178
1766542213
1766542243
1766542255
1766542272
1766542309
1766542429
1766542513
1766542616
1766542628
1766542655
1766542671
1766542677
1766542704
1766542753
1766542916
1766542959
1766543013
1766543035
1766543111
1766543176
1766543200
1766543210
1766543269
1766543319
1766543470
1766543512
1766543618
1766543699
1766543823
1766543843
1766543948
1766543948
1766543950
1766544101
1766544144
1766544154
1766544234
1766544236
1766544257
1766544301
1766544484
1766544561
1766544596
1766544636
1766544778
1766544780
1766544854
1766544868
1766544947
1766545138
1766545187
1766545396
1766545518
1766545521
1766545555
1766545581
1766545589
1766545603
1766545655
1766545710
1766545732
1766545803
1766545877
1766545894
1766545901
1766545993
1766545999
1766546013
1766546035
1766546038
1766546050
1766546179
1766546184
1766546220
1766546285
1766546329
1766546383
1766546387
1766546418
1766546507
1766546510
1766546553
1766546599
1766546658
1766546671
1766546754
1766546768
1766546813
1766546859
1766546877
1766547025
1766547047
1766547063
1766547104
1766547146
1766547152
1766547234
1766547242
1766547246
1766547367
1766547400
1766547410
1766547420
1766547436
1766547455
1766547485
1766547528
1766547548
1766547622
1766547668
1766547708
1766547708
1766547733
1766547846
1766547882
1766547905
1766547929
1766548017
1766548054
1766548062
1766548074
1766548096
1766548167
1766548180
1766548288
1766548319
1766548388
1766548500
1766548519
1766548611
1766548621
1766548705
1766548714
1766548720
1766548952
1766549073
1766549120
1766549281
1766549347
1766549508
1766549522
1766549550
1766549604
1766549609
1766549686
1766549691
1766549719
1766549815
1766549819
1766549829
1766549894
1766549924
1766549952
1766549956
1766549967
1766550004
1766550011
1766550019
1766550294
1766550349
1766550380
1766550381
1766550390
1766550395
1766550512
1766550535
1766550720
1766550725
1766550787
1766550800
1766550814
1766550867
1766550894
1766550938
1766550956
1766551108
1766551120
1766551126
1766551192
1766551238
1766551254
1766551284
1766551284
1766551298
1766551432
1766551497
1766551756
1766551787
1766551811
1766551884
1766551891
1766551971
1766552070
1766552171
1766552197
1766552231
1766552261
1766552356
1766552400
1766552406
1766552409
1766552425
1766552458
1766552458
1766552484
1766552569
1766552569
1766552577
1766552590
1766552738
1766552763
1766552947
1766552949
1766552969
1766552987
1766553034
1766553055
1766553278
1766553281
1766553304
1766553384
1766553433
1766553533
1766553544
1766553549
1766553636
1766553739
1766553947
1766554020
1766554067
1766554073
1766554096
1766554135
1766554299
1766554323
1766554353
1766554373
1766554401
1766554491
1766554526
1766554526
1766554548
1766554611
1766554670
1766554686
1766554812
1766554903
1766554920
1766554979
1766554983
1766555001
1766555013
1766555027
1766555284
1766555334
1766555390
1766555419
1766555485
1766555693
1766555750
1766555859
1766555904
1766556008
1766556027
1766556043
1766556110
1766556182
1766556279
1766556417
1766556434
1766556583
1766556780
1766556833
1766556876
1766556967
1766557165
1766557265
1766557298
1766557319
1766557400
1766557413
1766557416
1766557419
1766557434
1766557438
1766557498
1766557511
1766557695
1766557815
1766557820
1766557855
1766557859
1766557890
1766557931
1766557959
1766557995
1766558136
1766558222
1766558267
1766558318
1766558332
1766558360
1766558404
1766558528
1766558559
1766558588
1766558615
1766558925
1766558928
1766558949
1766558951
1766559006
1766559008
1766559024
1766559162
1766559317
1766559460
1766559475
1766559567
1766559577
1766559697
1766559805
1766559830
1766559844
1766559851
1766559897
1766559960
1766559987
1766559989
1766560000
1766560110
1766560156
1766560326
1766560392
1766560449
1766560466
1766560558
1766560567
1766560611
1766560635
1766560668
1766560848
1766560868
1766560885
1766561005
1766561075
1766561097
1766561123
1766561140
1766561150
1766561366
1766561408
1766561448
1766561496
1766561527
1766561640
1766561646
1766561674
1766561685
1766561750
1766561814
1766561955
1766561996
1766562080
1766562203
1766562291
1766562383
1766562423
1766562435
1766562475
1766562492
1766562527
1766562631
1766562675
1766562711
1766562715
1766562727
1766562746
1766562826
1766562830
1766562854
1766562858
1766562984
1766563005
1766563105
1766563115
1766563307
1766563444
1766563456
1766563516
1766563524
1766563582
1766563622
1766563768
1766563837
1766563865
1766563904
1766563960
1766563974
1766563985
1766564047
1766564102
1766564108
1766564173
1766564186
1766564333
1766564393
1766564484
1766564637
1766564692
1766564733
1766564740
1766564898
1766564914
1766564921
1766564931
1766565038
1766565155
1766565179
1766565181
1766565201
1766565203
1766565215
1766565297
1766565313
1766565338
1766565340
1766565346
1766565350
1766565440
1766565518
1766565529
1766565551
1766565671
1766565676
1766565774
1766566005
1766566057
1766566074
1766566161
1766566231
1766566293
1766566302
1766566384
1766566422
1766566468
1766566607
1766566640
1766566685
1766566725
1766566751
1766566770
1766566775
1766566804
1766566836
1766566923
1766566948
1766566966
1766566971
1766566973
1766567033
1766567098
1766567135
1766567155
1766567209
1766567342
1766567380
1766567411
1766567425
1766567435
1766567462
1766567557
1766567595
1766567600
1766567934
1766567980
1766568086
1766568091
1766568260
1766568339
1766568422
1766568468
1766568487
1766568597
1766568621
1766568653
1766568841
1766568845
1766568986
1766569046
1766569104
1766569157
1766569161
1766569183
1766569358
1766569400
1766569459
1766569503
1766569561
1766569570
1766569575
1766569605
1766569634
1766569678
1766569702
1766569744
1766569858
1766569892
1766569894
1766569907
1766569914
1766569960
1766569996
1766570161
1766570198
1766570202
1766570218
1766570232
1766570270
1766570318
1766570370
1766570374
1766570456
1766570493
1766570671
1766570733
1766570734
